bytes        	 repeticoes  	 t[usec]        	 tempo de spawn[usec]	 
5000         	 5000        	 67991         	 586                 	 
5000         	 5000        	 46353         	 582                 	 
5000         	 5000        	 81926         	 588                 	 
5000         	 5000        	 47238         	 581                 	 
5000         	 5000        	 46222         	 653                 	 
5000         	 5000        	 45784         	 578                 	 
5000         	 5000        	 44938         	 657                 	 
5000         	 5000        	 46343         	 589                 	 
5000         	 5000        	 104869        	 580                 	 
5000         	 5000        	 47690         	 581                 	 
10000        	 5000        	 113070        	 583                 	 
10000        	 5000        	 83442         	 582                 	 
10000        	 5000        	 246433        	 587                 	 
10000        	 5000        	 114313        	 995                 	 
10000        	 5000        	 91488         	 587                 	 
10000        	 5000        	 86145         	 588                 	 
10000        	 5000        	 138686        	 589                 	 
10000        	 5000        	 80973         	 607                 	 
10000        	 5000        	 82554         	 584                 	 
10000        	 5000        	 80146         	 584                 	 
50000        	 5000        	 334711        	 582                 	 
50000        	 5000        	 373500        	 582                 	 
50000        	 5000        	 407006        	 588                 	 
50000        	 5000        	 322787        	 595                 	 
50000        	 5000        	 353259        	 588                 	 
50000        	 5000        	 331466        	 577                 	 
50000        	 5000        	 453388        	 586                 	 
50000        	 5000        	 327242        	 581                 	 
50000        	 5000        	 329390        	 581                 	 
50000        	 5000        	 353586        	 581                 	 
5000         	 10000       	 253118        	 578                 	 
5000         	 10000       	 149873        	 596                 	 
5000         	 10000       	 251969        	 579                 	 
5000         	 10000       	 95861         	 581                 	 
5000         	 10000       	 102341        	 588                 	 
5000         	 10000       	 169403        	 581                 	 
5000         	 10000       	 85008         	 597                 	 
5000         	 10000       	 89513         	 583                 	 
5000         	 10000       	 89808         	 582                 	 
5000         	 10000       	 101834        	 603                 	 
10000        	 10000       	 319310        	 584                 	 
10000        	 10000       	 156230        	 582                 	 
10000        	 10000       	 150612        	 649                 	 
10000        	 10000       	 161859        	 583                 	 
10000        	 10000       	 162992        	 594                 	 
10000        	 10000       	 263713        	 583                 	 
10000        	 10000       	 254326        	 590                 	 
10000        	 10000       	 219918        	 585                 	 
10000        	 10000       	 190014        	 586                 	 
10000        	 10000       	 157374        	 588                 	 
50000        	 10000       	 686832        	 586                 	 
50000        	 10000       	 829425        	 578                 	 
50000        	 10000       	 737659        	 583                 	 
50000        	 10000       	 691494        	 575                 	 
50000        	 10000       	 688318        	 583                 	 
50000        	 10000       	 721319        	 574                 	 
50000        	 10000       	 687517        	 581                 	 
50000        	 10000       	 636532        	 585                 	 
50000        	 10000       	 686837        	 575                 	 
50000        	 10000       	 710526        	 581                 	 
5000         	 50000       	 352455        	 603                 	 
5000         	 50000       	 339565        	 590                 	 
5000         	 50000       	 290957        	 574                 	 
5000         	 50000       	 382646        	 585                 	 
5000         	 50000       	 356459        	 579                 	 
5000         	 50000       	 352591        	 576                 	 
5000         	 50000       	 361974        	 602                 	 
5000         	 50000       	 310292        	 989                 	 
5000         	 50000       	 310691        	 576                 	 
5000         	 50000       	 532070        	 579                 	 
10000        	 50000       	 641326        	 682                 	 
10000        	 50000       	 594220        	 579                 	 
10000        	 50000       	 695459        	 752                 	 
10000        	 50000       	 641270        	 581                 	 
10000        	 50000       	 745819        	 582                 	 
10000        	 50000       	 569697        	 589                 	 
10000        	 50000       	 744532        	 586                 	 
10000        	 50000       	 772635        	 580                 	 
10000        	 50000       	 628225        	 586                 	 
10000        	 50000       	 640620        	 591                 	 
50000        	 50000       	 3137120       	 582                 	 
50000        	 50000       	 2978928       	 578                 	 
50000        	 50000       	 3431986       	 581                 	 
50000        	 50000       	 3618393       	 658                 	 
50000        	 50000       	 3040525       	 589                 	 
50000        	 50000       	 3527469       	 982                 	 
50000        	 50000       	 2874734       	 580                 	 
50000        	 50000       	 2894892       	 575                 	 
50000        	 50000       	 3128911       	 584                 	 
50000        	 50000       	 3087455       	 582                 	 
5000         	 100000      	 699134        	 580                 	 
5000         	 100000      	 645770        	 586                 	 
5000         	 100000      	 648973        	 583                 	 
5000         	 100000      	 645675        	 579                 	 
5000         	 100000      	 624129        	 585                 	 
5000         	 100000      	 645847        	 579                 	 
5000         	 100000      	 586085        	 576                 	 
5000         	 100000      	 673981        	 579                 	 
5000         	 100000      	 629784        	 587                 	 
5000         	 100000      	 745913        	 579                 	 
10000        	 100000      	 1249354       	 585                 	 
10000        	 100000      	 1219749       	 619                 	 
10000        	 100000      	 1144299       	 583                 	 
10000        	 100000      	 1304051       	 585                 	 
10000        	 100000      	 1053839       	 654                 	 
10000        	 100000      	 1173859       	 655                 	 
10000        	 100000      	 1079120       	 586                 	 
10000        	 100000      	 1203834       	 583                 	 
10000        	 100000      	 1174678       	 587                 	 
10000        	 100000      	 1167894       	 580                 	 
50000        	 100000      	 8078080       	 578                 	 
50000        	 100000      	 8100864       	 601                 	 
50000        	 100000      	 9285182       	 580                 	 
50000        	 100000      	 8373396       	 586                 	 
50000        	 100000      	 7564100       	 579                 	 
50000        	 100000      	 8680198       	 591                 	 
50000        	 100000      	 8058949       	 591                 	 
50000        	 100000      	 8005060       	 580                 	 
50000        	 100000      	 8669963       	 580                 	 
50000        	 100000      	 8818089       	 604                 	 
5000         	 500000      	 3368305       	 582                 	 
5000         	 500000      	 2564945       	 594                 	 
5000         	 500000      	 2713995       	 577                 	 
5000         	 500000      	 2969735       	 581                 	 
5000         	 500000      	 2641488       	 578                 	 
5000         	 500000      	 2842659       	 587                 	 
5000         	 500000      	 2764557       	 587                 	 
5000         	 500000      	 2764889       	 590                 	 
5000         	 500000      	 2542096       	 578                 	 
5000         	 500000      	 2915613       	 575                 	 
10000        	 500000      	 8756417       	 607                 	 
10000        	 500000      	 7809423       	 586                 	 
10000        	 500000      	 7338215       	 762                 	 
10000        	 500000      	 7450420       	 604                 	 
10000        	 500000      	 7606522       	 591                 	 
10000        	 500000      	 7847198       	 582                 	 
10000        	 500000      	 6953720       	 589                 	 
10000        	 500000      	 7983518       	 587                 	 
10000        	 500000      	 7613940       	 586                 	 
10000        	 500000      	 7725505       	 583                 	 
50000        	 500000      	 72267293      	 603                 	 
50000        	 500000      	 71659335      	 580                 	 
50000        	 500000      	 67073492      	 582                 	 
50000        	 500000      	 75572914      	 577                 	 
50000        	 500000      	 70040284      	 580                 	 
50000        	 500000      	 73092196      	 577                 	 
50000        	 500000      	 67188043      	 593                 	 
50000        	 500000      	 70725596      	 582                 	 
50000        	 500000      	 69619016      	 582                 	 
50000        	 500000      	 70009479      	 587                 	 
5000         	 1000000     	 9766608       	 578                 	 
5000         	 1000000     	 7857956       	 580                 	 
5000         	 1000000     	 7360456       	 577                 	 
5000         	 1000000     	 8184488       	 580                 	 
5000         	 1000000     	 7924017       	 580                 	 
5000         	 1000000     	 9264745       	 580                 	 
5000         	 1000000     	 8056102       	 677                 	 
5000         	 1000000     	 7658760       	 602                 	 
5000         	 1000000     	 7768198       	 605                 	 
5000         	 1000000     	 7078210       	 589                 	 
10000        	 1000000     	 22198412      	 589                 	 
10000        	 1000000     	 20327019      	 580                 	 
10000        	 1000000     	 21881030      	 611                 	 
10000        	 1000000     	 21131573      	 589                 	 
10000        	 1000000     	 22859871      	 585                 	 
10000        	 1000000     	 22268916      	 595                 	 
10000        	 1000000     	 23984030      	 590                 	 
10000        	 1000000     	 21453284      	 588                 	 
10000        	 1000000     	 21664353      	 582                 	 
10000        	 1000000     	 22087620      	 581                 	 
50000        	 1000000     	 136246969     	 581                 	 
50000        	 1000000     	 156429140     	 586                 	 
50000        	 1000000     	 150466094     	 583                 	 
50000        	 1000000     	 133122583     	 581                 	 
50000        	 1000000     	 150002022     	 582                 	 
50000        	 1000000     	 143480997     	 605                 	 
50000        	 1000000     	 149427714     	 588                 	 
50000        	 1000000     	 141056785     	 576                 	 
50000        	 1000000     	 146533911     	 584                 	 
50000        	 1000000     	 148287719     	 574                 	 
